 0.00000000e+00 0.00000000e+00 -0.00000000e+00 -0.00000000e+00
 6.40345254e-01 6.40344982e-01 -5.89677758e-04 -5.01600248e-03
 2.47879934e+00 2.47879792e+00 -2.64456958e-03 -1.94171247e-02
 5.39148988e+00 5.39148578e+00 -6.59346327e-03 -4.22330398e-02
 9.25454475e+00 9.25453556e+00 -1.28651467e-02 -7.24934231e-02
 1.39440921e+01 1.39440742e+01 -2.18884076e-02 -1.09227952e-01
 1.93362605e+01 1.93362288e+01 -3.40920338e-02 -1.51466306e-01
 2.53071788e+01 2.53071262e+01 -4.99048132e-02 -1.98238170e-01
 3.17329767e+01 3.17328934e+01 -6.97555336e-02 -3.03543877e-01
 3.84897845e+01 3.84896575e+01 -9.40729827e-02 -4.55760377e-01
 4.54537336e+01 4.54535453e+01 -1.23285948e-01 -6.12643329e-01
 5.25009569e+01 5.25006839e+01 -1.57823219e-01 -7.71402270e-01
 5.95075891e+01 5.95072003e+01 -1.98113581e-01 -9.80090424e-01
 6.63497680e+01 6.63492214e+01 -2.44585824e-01 -1.22417829e+00
 7.29036358e+01 7.29028742e+01 -2.97668734e-01 -1.45798095e+00
 7.90453416e+01 7.90442858e+01 -3.57791100e-01 -1.67708015e+00
 8.46510463e+01 8.46495830e+01 -4.25381709e-01 -1.89679654e+00
 8.95969323e+01 8.95948928e+01 -5.00869350e-01 -2.13037184e+00
 9.37592258e+01 9.37563424e+01 -5.84682810e-01 -2.32694106e+00
 9.70142584e+01 9.70100585e+01 -6.77250877e-01 -2.48066381e+00
 1.07849203e+02 1.07843612e+02 -8.50865367e-01 -2.99235687e+00
 1.18225506e+02 1.18216954e+02 -6.03000275e-01 -3.56505550e+00
 1.28164481e+02 1.28135583e+02 3.26377453e-02 -4.13301515e+00
 1.37685474e+02 1.37604996e+02 1.02234204e+00 -4.68709878e+00
 1.46805752e+02 1.46630693e+02 2.33240596e+00 -5.28347507e+00
 1.55540413e+02 1.55218172e+02 3.92912284e+00 -5.85463580e+00
 1.63902313e+02 1.63372932e+02 5.77878605e+00 -6.40950364e+00
 1.71902014e+02 1.71100471e+02 7.84768891e+00 -6.98482781e+00
 1.79547761e+02 1.78406288e+02 1.01021248e+01 -7.53469620e+00
 1.86845472e+02 1.85295882e+02 1.25083870e+01 -8.05953453e+00
 1.93798762e+02 1.91774750e+02 1.50327689e+01 -8.58506535e+00
 2.00408976e+02 1.97848391e+02 1.76415639e+01 -9.09189955e+00
 2.06675254e+02 2.03522305e+02 2.03010653e+01 -9.57236265e+00
 2.12594606e+02 2.08801989e+02 2.29775664e+01 -1.00262254e+01
 2.18162004e+02 2.13692942e+02 2.56373606e+01 -1.04658543e+01
 2.23370499e+02 2.18200663e+02 2.82467413e+01 -1.08803927e+01
 2.28211339e+02 2.22330649e+02 3.07720017e+01 -1.12656699e+01
 2.32674122e+02 2.26088401e+02 3.31794353e+01 -1.16208579e+01
 2.36746967e+02 2.29479415e+02 3.54353353e+01 -1.19450112e+01
 2.43256889e+02 2.34789832e+02 3.92007790e+01 -1.24676467e+01
 2.49933830e+02 2.40063690e+02 4.32956508e+01 -1.30056175e+01
 2.56736665e+02 2.45256271e+02 4.76906083e+01 -1.35537316e+01
 2.63624268e+02 2.50322858e+02 5.23563091e+01 -1.41080416e+01
 2.70556023e+02 2.55218733e+02 5.72634109e+01 -1.46591563e+01
 2.77492331e+02 2.59899178e+02 6.23825714e+01 -1.52106330e+01
 2.84395151e+02 2.64319474e+02 6.76844481e+01 -1.57594471e+01
 2.91228636e+02 2.68434904e+02 7.31396988e+01 -1.62885223e+01
 2.97959905e+02 2.72200750e+02 7.87189811e+01 -1.68017452e+01
 3.04560000e+02 2.75572292e+02 8.43929526e+01 -1.73049668e+01
 3.11005112e+02 2.78504815e+02 9.01322710e+01 -1.77914805e+01
 3.17278141e+02 2.80953599e+02 9.59075939e+01 -1.82343811e+01
 3.23370678e+02 2.82873926e+02 1.01689579e+02 -1.86645383e+01
 3.29285440e+02 2.84221079e+02 1.07448884e+02 -1.90821438e+01
 3.35039126e+02 2.84950340e+02 1.13156166e+02 -1.94700349e+01
 3.40665438e+02 2.85016989e+02 1.18782084e+02 -1.98208839e+01
 3.46217736e+02 2.84376310e+02 1.24297294e+02 -2.01671175e+01
 3.51770396e+02 2.82983585e+02 1.29672454e+02 -2.05133737e+01
 3.57417864e+02 2.80794095e+02 1.34878223e+02 -2.08372101e+01
 3.63553478e+02 2.77324942e+02 1.39938929e+02 -2.11515926e+01
 3.69292597e+02 2.72908289e+02 1.43603715e+02 -2.14456591e+01
 3.75070777e+02 2.67658815e+02 1.46018335e+02 -2.17417271e+01
 3.81180528e+02 2.61691201e+02 1.47328544e+02 -2.19847098e+01
 3.87761000e+02 2.55120127e+02 1.47680096e+02 -2.22277343e+01
 3.94835912e+02 2.48060274e+02 1.47218744e+02 -2.24890191e+01
 4.02355033e+02 2.40626320e+02 1.46090243e+02 -2.26718441e+01
 4.10223333e+02 2.32932947e+02 1.44440346e+02 -2.28220031e+01
 4.18318937e+02 2.25094835e+02 1.42414809e+02 -2.29507673e+01
 4.26503988e+02 2.17226664e+02 1.40159384e+02 -2.29288936e+01
 4.34631544e+02 2.09443114e+02 1.37819826e+02 -2.29071737e+01
 4.42550498e+02 2.01858865e+02 1.35541890e+02 -2.27307075e+01
 4.50109863e+02 1.94588598e+02 1.33471328e+02 -2.25138316e+01
 4.57163737e+02 1.87746993e+02 1.31753896e+02 -2.22944888e+01
 4.63578796e+02 1.81448730e+02 1.30535347e+02 -2.20487324e+01
 4.69248161e+02 1.75808489e+02 1.29961435e+02 -2.18315430e+01
 4.74120511e+02 1.70940950e+02 1.30177915e+02 -2.16448867e+01
 4.78264203e+02 1.66960794e+02 1.31330540e+02 -2.15197224e+01
 4.81987393e+02 1.63982701e+02 1.33565065e+02 -2.14133248e+01
 4.95312942e+02 1.55609109e+02 1.43931030e+02 -2.10479407e+01
 5.06339684e+02 1.49408010e+02 1.53048891e+02 -2.08356577e+01
 5.15389432e+02 1.45174907e+02 1.61047566e+02 -2.06917677e+01
 5.22820223e+02 1.42705306e+02 1.68055969e+02 -2.06144221e+01
 5.29034349e+02 1.41794708e+02 1.74203016e+02 -2.05497405e+01
 5.34467122e+02 1.42238618e+02 1.79617622e+02 -2.05323743e+01
 5.39535364e+02 1.43832540e+02 1.84428702e+02 -2.05215955e+01
 5.44560672e+02 1.46371976e+02 1.88765174e+02 -2.05109079e+01
 5.49726685e+02 1.49652431e+02 1.92755950e+02 -2.05206712e+01
 5.55094401e+02 1.53469409e+02 1.96529948e+02 -2.05502671e+01
 5.60644340e+02 1.57618413e+02 2.00216083e+02 -2.05808677e+01
 5.66317140e+02 1.61894946e+02 2.03943270e+02 -2.06295315e+01
 5.72046379e+02 1.66094513e+02 2.07840425e+02 -2.07007408e+01
 5.77787308e+02 1.70012616e+02 2.12036462e+02 -2.07720954e+01
 5.83545735e+02 1.73444761e+02 2.16660299e+02 -2.08645118e+01
 5.89407045e+02 1.76186449e+02 2.21840849e+02 -2.09731422e+01
 5.95557045e+02 1.78033186e+02 2.27707029e+02 -2.10871230e+01
 6.02279436e+02 1.78780474e+02 2.34387755e+02 -2.12443308e+01
 6.09923916e+02 1.78223818e+02 2.42011940e+02 -2.14257942e+01
 6.22835594e+02 1.76342096e+02 2.54785764e+02 -2.17801995e+01
 6.34516542e+02 1.74795110e+02 2.66363819e+02 -2.21317436e+01
 6.45089246e+02 1.73421232e+02 2.76846879e+02 -2.24679553e+01
 6.54675389e+02 1.72058834e+02 2.86335714e+02 -2.27843975e+01
 6.63402841e+02 1.70546290e+02 2.94931099e+02 -2.30776643e+01
 6.71415977e+02 1.68721971e+02 3.02733804e+02 -2.33456846e+01
 6.78888792e+02 1.66424251e+02 3.09844602e+02 -2.35915069e+01
 6.86037710e+02 1.63491503e+02 3.16364266e+02 -2.38191760e+01
 6.93127204e+02 1.59762098e+02 3.22393567e+02 -2.40362646e+01
 7.00460741e+02 1.55074409e+02 3.28033277e+02 -2.42429861e+01
 7.08357592e+02 1.49266810e+02 3.33384170e+02 -2.44539332e+01
 7.17127476e+02 1.42177672e+02 3.38547017e+02 -2.46405696e+01
 7.27055298e+02 1.33645369e+02 3.43622590e+02 -2.48055318e+01
 7.38398109e+02 1.23508273e+02 3.48711662e+02 -2.49112806e+01
 7.51389202e+02 1.11604756e+02 3.53915005e+02 -2.49339159e+01
 7.66244203e+02 9.77731917e+01 3.59333390e+02 -2.49281199e+01
 7.83166583e+02 8.18519524e+01 3.65067591e+02 -2.49510493e+01
 8.02351824e+02 6.36794106e+01 3.71218380e+02 -2.50292331e+01
 8.23990351e+02 4.30939391e+01 3.77886528e+02 -2.52279965e+01
 8.38966677e+02 2.88858844e+01 3.82621667e+02 -2.54094448e+01
 8.54757055e+02 1.40104382e+01 3.87918565e+02 -2.52798557e+01
 8.71183214e+02 -1.39043830e+00 3.93630983e+02 -2.49093025e+01
 8.88062973e+02 -1.71747838e+01 3.99612680e+02 -2.44901280e+01
 9.05212194e+02 -3.32006371e+01 4.05717415e+02 -2.44218017e+01
 9.22446275e+02 -4.93260369e+01 4.11798949e+02 -2.44033863e+01
 9.39581480e+02 -6.54090219e+01 4.17711040e+02 -2.45121783e+01
 9.56436318e+02 -8.13076311e+01 4.23307450e+02 -2.44605857e+01
 9.72833227e+02 -9.68799030e+01 4.28441937e+02 -2.42561468e+01
 9.88600840e+02 -1.11983876e+02 4.32968260e+02 -2.44991382e+01
 1.00357733e+03 -1.26477590e+02 4.36740181e+02 -2.47268821e+01
 1.01761559e+03 -1.40219083e+02 4.39611458e+02 -2.47593711e+01
 1.03059179e+03 -1.53066394e+02 4.41435851e+02 -2.47426475e+01
 1.04241982e+03 -1.64877561e+02 4.42067119e+02 -2.49598055e+01
 1.05307643e+03 -1.75510624e+02 4.41359023e+02 -2.51539286e+01
 1.06264430e+03 -1.84823620e+02 4.39165322e+02 -2.52336287e+01
 1.07137772e+03 -1.92674590e+02 4.35339776e+02 -2.52307969e+01
 1.07976971e+03 -1.98921571e+02 4.29736144e+02 -2.52339844e+01
 1.08854065e+03 -2.03422602e+02 4.22208187e+02 -2.52419465e+01
 1.09681856e+03 -2.06270521e+02 4.14435595e+02 -2.52515421e+01
 1.10454715e+03 -2.08213703e+02 4.06955279e+02 -2.52629854e+01
 1.11178993e+03 -2.09301813e+02 3.99794702e+02 -2.52750225e+01
 1.11860916e+03 -2.09584517e+02 3.92981330e+02 -2.52879649e+01
 1.12506522e+03 -2.09111481e+02 3.86542626e+02 -2.53003520e+01
 1.13121587e+03 -2.07932371e+02 3.80506055e+02 -2.53143589e+01
 1.13711564e+03 -2.06096851e+02 3.74899081e+02 -2.53277944e+01
 1.14281531e+03 -2.03654589e+02 3.69749170e+02 -2.53410654e+01
 1.14836165e+03 -2.00655250e+02 3.65083785e+02 -2.53557014e+01
 1.15379745e+03 -1.97148499e+02 3.60930392e+02 -2.53700457e+01
 1.15916194e+03 -1.93184002e+02 3.57316454e+02 -2.53842018e+01
 1.16449146e+03 -1.88811426e+02 3.54269436e+02 -2.53997533e+01
 1.16982041e+03 -1.84080435e+02 3.51816803e+02 -2.54157234e+01
 1.17518238e+03 -1.79040695e+02 3.49986019e+02 -2.54317925e+01
 1.18061132e+03 -1.73741873e+02 3.48804548e+02 -2.54484730e+01
 1.18614263e+03 -1.68233634e+02 3.48299856e+02 -2.54670731e+01
 1.19181413e+03 -1.62565644e+02 3.48499406e+02 -2.54861445e+01
 1.19766677e+03 -1.56787568e+02 3.49430664e+02 -2.55058251e+01
 1.20374506e+03 -1.50949073e+02 3.51121093e+02 -2.55279833e+01
 1.21179996e+03 -1.43493322e+02 3.54169570e+02 -2.55581611e+01
 1.21913928e+03 -1.37001624e+02 3.57593520e+02 -2.55856580e+01
 1.22588985e+03 -1.31365925e+02 3.61309575e+02 -2.56135945e+01
 1.23215835e+03 -1.26478171e+02 3.65234368e+02 -2.56396625e+01
 1.23802761e+03 -1.22230308e+02 3.69284531e+02 -2.56640702e+01
 1.24355523e+03 -1.18514282e+02 3.73376697e+02 -2.56887094e+01
 1.24877518e+03 -1.15222039e+02 3.77427498e+02 -2.57127738e+01
 1.25370201e+03 -1.12245525e+02 3.81353566e+02 -2.57354868e+01
 1.25833772e+03 -1.09476686e+02 3.85071534e+02 -2.57568578e+01
 1.26268117e+03 -1.06807468e+02 3.88498035e+02 -2.57780598e+01
 1.26674104e+03 -1.04129818e+02 3.91549700e+02 -2.57988233e+01
 1.27055329e+03 -1.01335680e+02 3.94143163e+02 -2.58183204e+01
 1.27420331e+03 -9.83170018e+01 3.96195056e+02 -2.58369879e+01
 1.27784573e+03 -9.49657286e+01 3.97622011e+02 -2.58556164e+01
 1.28170515e+03 -9.11738067e+01 3.98340660e+02 -2.58759807e+01
 1.28604639e+03 -8.68331821e+01 3.98267636e+02 -2.59006740e+01
 1.29113291e+03 -8.18358008e+01 3.97319573e+02 -2.59296065e+01
 1.29720230e+03 -7.60736089e+01 3.95413101e+02 -2.59641296e+01
 1.30446289e+03 -6.94385523e+01 3.92464853e+02 -2.60080618e+01
 1.30982854e+03 -6.50734134e+01 3.89344630e+02 -2.60421514e+01
 1.31733070e+03 -5.98299571e+01 3.83979126e+02 -2.60898149e+01
 1.32681530e+03 -5.38355748e+01 3.76628964e+02 -2.61555838e+01
 1.33804641e+03 -4.72176580e+01 3.67554770e+02 -2.62357771e+01
 1.35076061e+03 -4.01035982e+01 3.57017166e+02 -2.63383847e+01
 1.36468286e+03 -3.26207870e+01 3.45276779e+02 -2.64614473e+01
 1.37953243e+03 -2.48966158e+01 3.32594232e+02 -2.66101996e+01
 1.39502550e+03 -1.70584762e+01 3.19230150e+02 -2.67821775e+01
 1.41087644e+03 -9.23375958e+00 3.05445156e+02 -2.69630000e+01
 1.42679854e+03 -1.54985755e+00 2.91499876e+02 -2.71446342e+01
 1.44250443e+03 5.86583841e+00 2.77654934e+02 -2.73238020e+01
 1.45770638e+03 1.28859368e+01 2.64170954e+02 -2.74972210e+01
 1.47211658e+03 1.93830461e+01 2.51308560e+02 -2.76514101e+01
 1.48544733e+03 2.52297748e+01 2.39328377e+02 -2.77937815e+01
 1.49741154e+03 3.02987314e+01 2.28491030e+02 -2.79215583e+01
 1.50772345e+03 3.44625244e+01 2.19057142e+02 -2.80316887e+01
 1.51610047e+03 3.75937623e+01 2.11287338e+02 -2.81211546e+01
 1.52226903e+03 3.95650535e+01 2.05442243e+02 -2.81860084e+01
 1.52599216e+03 4.02490067e+01 2.01782480e+02 -2.82223442e+01
 1.54031100e+03 4.42684244e+01 1.88039355e+02 -2.83620891e+01
 1.55376735e+03 4.80458468e+01 1.75124068e+02 -2.84934165e+01
 1.56636375e+03 5.15378881e+01 1.63021388e+02 -2.86163512e+01
 1.57810327e+03 5.47011629e+01 1.51716084e+02 -2.87296898e+01
 1.58899029e+03 5.74922855e+01 1.41192925e+02 -2.88233174e+01
 1.59903159e+03 5.98678702e+01 1.31436680e+02 -2.89096719e+01
 1.60823788e+03 6.17845316e+01 1.22432117e+02 -2.89888453e+01
 1.61662609e+03 6.31988838e+01 1.14164005e+02 -2.90609833e+01
 1.62422281e+03 6.40675415e+01 1.06617114e+02 -2.91263146e+01
 1.63106942e+03 6.43471189e+01 9.97762115e+01 -2.91784538e+01
 1.63722968e+03 6.39942304e+01 9.36260670e+01 -2.92224843e+01
 1.64280011e+03 6.29654904e+01 8.81514493e+01 -2.92622990e+01
 1.64792194e+03 6.12175133e+01 8.33371271e+01 -2.92989073e+01
 1.65278875e+03 5.87069135e+01 7.91678693e+01 -2.93336928e+01
 1.65763926e+03 5.53903055e+01 7.56284448e+01 -2.93683618e+01
 1.66272946e+03 5.12243035e+01 7.27036224e+01 -2.94047441e+01
 1.66829713e+03 4.61655219e+01 7.03781710e+01 -2.94445390e+01
 1.67453985e+03 4.01705753e+01 6.86368594e+01 -2.94809521e+01
 1.68161220e+03 3.31960778e+01 6.74644565e+01 -2.95187515e+01
 1.68807248e+03 2.67469523e+01 6.78439446e+01 -2.95532796e+01
 1.69364420e+03 2.18756644e+01 7.05484799e+01 -2.95830586e+01
 1.69955327e+03 1.83759301e+01 7.53096852e+01 -2.96146407e+01
 1.70650638e+03 1.60414656e+01 8.18591834e+01 -2.96518028e+01
 1.71469218e+03 1.46659871e+01 8.99285974e+01 -2.96816390e+01
 1.72403392e+03 1.40432105e+01 9.92495500e+01 -2.97109536e+01
 1.73433831e+03 1.39668521e+01 1.09553664e+02 -2.97432890e+01
 1.74536037e+03 1.42306278e+01 1.20572563e+02 -2.97697661e+01
 1.75683257e+03 1.46282539e+01 1.32037869e+02 -2.97754301e+01
 1.76848044e+03 1.49534465e+01 1.43681205e+02 -2.97811808e+01
 1.78003353e+03 1.49999216e+01 1.55234194e+02 -2.97633652e+01
 1.79123638e+03 1.45613953e+01 1.66428459e+02 -2.97344870e+01
 1.80186377e+03 1.34315838e+01 1.76995623e+02 -2.96983576e+01
 1.81174566e+03 1.14042032e+01 1.86667309e+02 -2.96391675e+01
 1.82081141e+03 8.27296958e+00 1.95175140e+02 -2.95848660e+01
 1.82916544e+03 3.83159903e+00 2.02250737e+02 -2.95155181e+01
 1.83718952e+03 -2.12619233e+00 2.07625726e+02 -2.94388719e+01
 1.84559135e+03 -9.80668839e+00 2.11031727e+02 -2.93586173e+01
 1.85527164e+03 -1.94161730e+01 2.12200364e+02 -2.92357172e+01
 1.86570172e+03 -2.98400441e+01 2.11840493e+02 -2.91004371e+01
 1.87540622e+03 -3.95009527e+01 2.10921747e+02 -2.89524476e+01
 1.88444153e+03 -4.84341177e+01 2.09566922e+02 -2.88088369e+01
 1.89284931e+03 -5.66747583e+01 2.07898812e+02 -2.86666858e+01
 1.90065709e+03 -6.42580933e+01 2.06040211e+02 -2.85260318e+01
 1.90787994e+03 -7.12193418e+01 2.04113914e+02 -2.83959149e+01
 1.91452329e+03 -7.75937228e+01 2.02242713e+02 -2.82710739e+01
 1.92058725e+03 -8.34164553e+01 2.00549405e+02 -2.81548952e+01
 1.92607325e+03 -8.87227583e+01 1.99156783e+02 -2.80497893e+01
 1.93099471e+03 -9.35478507e+01 1.98187641e+02 -2.79554995e+01
 1.93539418e+03 -9.79269516e+01 1.97764773e+02 -2.78706157e+01
 1.93937014e+03 -1.01895280e+02 1.98010975e+02 -2.77937354e+01
 1.94310987e+03 -1.05488055e+02 1.99049040e+02 -2.77214228e+01
 1.94690348e+03 -1.08740495e+02 2.01001762e+02 -2.76480685e+01
 1.95110204e+03 -1.11687820e+02 2.03991935e+02 -2.75668840e+01
 1.95604113e+03 -1.14365249e+02 2.08142355e+02 -2.74716649e+01
 1.96199844e+03 -1.16808000e+02 2.13575814e+02 -2.73602380e+01
 1.96919623e+03 -1.19051292e+02 2.20415108e+02 -2.72256087e+01
 1.97781857e+03 -1.21130345e+02 2.28783031e+02 -2.70643346e+01
 1.98705412e+03 -1.23328097e+02 2.37753284e+02 -2.68985298e+01
 1.99588130e+03 -1.25867183e+02 2.46207403e+02 -2.67441195e+01
 2.00428497e+03 -1.28721194e+02 2.54111592e+02 -2.65971175e+01
 2.01225144e+03 -1.31863723e+02 2.61432055e+02 -2.64614097e+01
 2.01976948e+03 -1.35268363e+02 2.68134995e+02 -2.63416377e+01
 2.02683165e+03 -1.38908704e+02 2.74186617e+02 -2.62291285e+01
 2.03343613e+03 -1.42758341e+02 2.79553123e+02 -2.61239108e+01
 2.03958929e+03 -1.46790863e+02 2.84200718e+02 -2.60258832e+01
 2.04530924e+03 -1.50979865e+02 2.88095605e+02 -2.59302301e+01
 2.05063056e+03 -1.55298937e+02 2.91203988e+02 -2.58381198e+01
 2.05561011e+03 -1.59721673e+02 2.93492070e+02 -2.57519255e+01
 2.06033306e+03 -1.64221664e+02 2.94926056e+02 -2.56683294e+01
 2.06491654e+03 -1.68772503e+02 2.95472148e+02 -2.55641541e+01
 2.06950721e+03 -1.73347781e+02 2.95096551e+02 -2.54598155e+01
 2.07427029e+03 -1.77921091e+02 2.93765467e+02 -2.53515583e+01
 2.07937328e+03 -1.82466025e+02 2.91445102e+02 -2.52155303e+01
 2.08497150e+03 -1.86956175e+02 2.88101658e+02 -2.50534184e+01
 2.09120061e+03 -1.91365134e+02 2.83701339e+02 -2.48691593e+01
 2.09817575e+03 -1.95666493e+02 2.78210349e+02 -2.46173594e+01
 2.10567549e+03 -1.99856746e+02 2.71990392e+02 -2.43300822e+01
 2.11307717e+03 -2.03747083e+02 2.65693561e+02 -2.40026119e+01
 2.12038601e+03 -2.07317396e+02 2.59316103e+02 -2.36321095e+01
 2.12761023e+03 -2.10547575e+02 2.52854263e+02 -2.32260041e+01
 2.13476137e+03 -2.13417513e+02 2.46304288e+02 -2.27706264e+01
 2.14185449e+03 -2.15907099e+02 2.39662422e+02 -2.22421521e+01
 2.14890846e+03 -2.17996227e+02 2.32924911e+02 -2.16489151e+01
 2.15594603e+03 -2.19664787e+02 2.26088001e+02 -2.09801959e+01
 2.16299388e+03 -2.20892670e+02 2.19147939e+02 -2.02292036e+01
 2.17008248e+03 -2.21659768e+02 2.12100968e+02 -1.93966807e+01
 2.17724583e+03 -2.21945971e+02 2.04943337e+02 -1.84901699e+01
 2.18452105e+03 -2.21731172e+02 1.97671288e+02 -1.75428832e+01
 2.19194782e+03 -2.20995262e+02 1.90281070e+02 -1.65892740e+01
 2.19956775e+03 -2.19718132e+02 1.82768927e+02 -1.56596518e+01
 2.20742372e+03 -2.17879673e+02 1.75131105e+02 -1.47805026e+01
 2.21555921e+03 -2.15459776e+02 1.67363850e+02 -1.39679196e+01
 2.22401770e+03 -2.12438333e+02 1.59463407e+02 -1.33361012e+01
 2.23284220e+03 -2.08795236e+02 1.51426023e+02 -1.29459208e+01
 2.24207480e+03 -2.04510375e+02 1.43247942e+02 -1.27234652e+01
 2.25107766e+03 -2.00014781e+02 1.35447875e+02 -1.25811987e+01
 2.25943497e+03 -1.95638675e+02 1.28327885e+02 -1.24226600e+01
 2.26722562e+03 -1.91356364e+02 1.21819724e+02 -1.21836752e+01
 2.27452876e+03 -1.87142156e+02 1.15855147e+02 -1.18323957e+01
 2.28142337e+03 -1.82970360e+02 1.10365905e+02 -1.13988725e+01
 2.28798789e+03 -1.78815283e+02 1.05283752e+02 -1.10270786e+01
 2.29429965e+03 -1.74651234e+02 1.00540441e+02 -1.06674445e+01
 2.30043433e+03 -1.70452521e+02 9.60677248e+01 -1.03782693e+01
 2.30646556e+03 -1.66193451e+02 9.17973574e+01 -1.01963281e+01
 2.31246462e+03 -1.61848333e+02 8.76610913e+01 -1.00007914e+01
 2.31850050e+03 -1.57391475e+02 8.35906797e+01 -9.71981526e+00
 2.32464015e+03 -1.52797185e+02 7.95178758e+01 -9.51175606e+00
 2.33094896e+03 -1.48039771e+02 7.53744326e+01 -9.23470241e+00
 2.33749140e+03 -1.43093541e+02 7.10921032e+01 -9.07317066e+00
 2.34433161e+03 -1.37932803e+02 6.66026408e+01 -8.95146377e+00
 2.35153396e+03 -1.32531865e+02 6.18377984e+01 -8.67479879e+00
 2.35916347e+03 -1.26865035e+02 5.67293292e+01 -8.23213114e+00
 2.36728609e+03 -1.20906622e+02 5.12089862e+01 -7.75919863e+00
 2.37596882e+03 -1.14630933e+02 4.52085227e+01 -7.25222563e+00
 2.38494521e+03 -1.07940400e+02 3.92241783e+01 -6.72520375e+00
 2.39391152e+03 -1.00815264e+02 3.37810895e+01 -6.19694152e+00
 2.40285883e+03 -9.33465499e+01 2.88543610e+01 -5.66797995e+00
 2.41176330e+03 -8.56252804e+01 2.44190976e+01 -5.13961227e+00
 2.42058878e+03 -7.77424798e+01 2.04504040e+01 -4.61340547e+00
 2.42928907e+03 -6.97891717e+01 1.69233849e+01 -4.09286768e+00
 2.43780979e+03 -6.18563799e+01 1.38131450e+01 -3.58127001e+00
 2.44608998e+03 -5.40351282e+01 1.10947892e+01 -3.08233856e+00
 2.45406326e+03 -4.64164404e+01 8.74342202e+00 -2.60018085e+00
 2.46165894e+03 -3.90913402e+01 6.73414833e+00 -2.13922527e+00
 2.46880271e+03 -3.21508514e+01 5.04207283e+00 -1.70417143e+00
 2.47541737e+03 -2.56859978e+01 3.64230024e+00 -1.29986967e+00
 2.48142328e+03 -1.97878031e+01 2.50993531e+00 -9.31571304e-01
 2.48673881e+03 -1.45472910e+01 1.62008277e+00 -6.04562352e-01
 2.49128064e+03 -1.00554855e+01 9.47847353e-01 -3.24273280e-01
 2.49496406e+03 -6.40341017e+00 4.68333786e-01 -9.62632025e-02
 2.49770317e+03 -3.68208885e+00 1.56646806e-01 7.37963344e-02
 2.49941107e+03 -1.98254530e+00 -1.21088524e-02 1.80135070e-01
 2.50000000e+03 -1.39580327e+00 -6.28284572e-02 2.16895869e-01

