v  -0.087966 4.000124 0.000000
v  0.085967 -4.000168 0.000000
v  5.004724 3.993985 -0.019353
v  4.993269 -4.006007 -0.019353
v  10.006147 3.985845 -0.039341
v  9.991832 -4.014143 -0.039341
v  15.007567 3.975725 -0.058807
v  14.990393 -4.024257 -0.058807
v  20.008974 3.964369 -0.078263
v  19.988960 -4.035606 -0.078263
v  25.010441 3.950877 -0.097335
v  24.987455 -4.049090 -0.097335
v  30.011784 3.935632 -0.134874
v  29.986067 -4.064326 -0.134874
v  35.013241 3.918795 -0.187623
v  34.984550 -4.081153 -0.187623
v  40.014908 3.900112 -0.245437
v  39.982819 -4.099824 -0.245437
v  45.016895 3.879025 -0.301560
v  44.980740 -4.120894 -0.301560
v  50.019016 3.854955 -0.355958
v  49.978504 -4.144943 -0.355958
v  55.021397 3.828407 -0.420047
v  54.975983 -4.171464 -0.420047
v  60.024101 3.798822 -0.499352
v  59.973103 -4.201016 -0.499352
v  65.027458 3.764801 -0.588467
v  64.969513 -4.234990 -0.588467
v  70.031479 3.726526 -0.678474
v  69.965202 -4.273200 -0.678474
v  75.036499 3.682589 -0.767062
v  74.959801 -4.317043 -0.767062
v  80.043236 3.631402 -0.856952
v  79.952538 -4.368085 -0.856952
v  85.053299 3.569832 -0.957225
v  84.941719 -4.429398 -0.957225
v  90.070496 3.491443 -1.076140
v  89.923309 -4.507215 -1.076140
v  95.089401 3.380433 -1.194385
v  94.901901 -4.617463 -1.194385
v  100.053871 3.243984 -1.311152
v  99.934067 -4.755124 -1.311152
v  105.005432 3.159920 -1.427729
v  104.981918 -4.840734 -1.427729
v  109.944382 3.163664 -1.554113
v  110.042114 -4.836286 -1.554113
v  114.866798 3.271295 -1.692593
v  115.118889 -4.724964 -1.692593
v  119.783867 3.477151 -1.835905
v  120.192673 -4.513064 -1.835905
v  124.694717 3.777657 -1.978998
v  125.264519 -4.202236 -1.978998
v  129.596313 4.177444 -2.120977
v  130.329453 -3.789500 -2.120977
v  134.487228 4.679033 -2.265131
v  135.387741 -3.270429 -2.265131
v  139.363876 5.284462 -2.419884
v  140.434479 -2.643974 -2.419884
v  144.225342 5.995421 -2.584868
v  145.469162 -1.907875 -2.584868
v  149.067307 6.813045 -2.750155
v  150.487228 -1.060055 -2.750155
v  153.889053 7.740192 -2.912935
v  155.486740 -0.099849 -2.912935
v  158.685959 8.775822 -3.076319
v  160.464615 0.976050 -3.076319
v  163.456345 9.923605 -3.246925
v  165.416946 2.166757 -3.246925
v  168.197220 11.183009 -3.427163
v  170.341797 3.475426 -3.427163
v  172.904800 12.555031 -3.616862
v  175.234512 4.901710 -3.600199
v  177.576874 14.041232 -3.804255
v  180.092560 6.445971 -3.770925
v  182.209763 15.640638 -3.991936
v  184.912689 8.110764 -3.941940
v  186.800140 17.354883 -4.185899
v  189.690216 9.895141 -4.119236
v  191.345413 19.184160 -4.385124
v  194.422119 11.798927 -4.301794
v  195.843109 21.127235 -4.585244
v  199.105057 13.821584 -4.485247
v  200.290085 23.182261 -4.792360
v  203.735641 15.962058 -4.662366
v  204.683289 25.350143 -4.998333
v  208.309967 18.219418 -4.838339
v  209.021057 27.628332 -5.208105
v  212.825516 20.590836 -5.018111
v  213.301712 30.014977 -5.422042
v  217.279160 23.073708 -5.202048
v  217.524994 32.507610 -5.635910
v  221.667877 25.663801 -5.385915
v  221.693100 35.102051 -5.850136
v  225.989548 28.353634 -5.570142
v  225.797775 37.779011 -6.064144
v  230.260941 31.139616 -5.754150
v  229.826752 40.544373 -6.279432
v  234.476379 34.034252 -5.939438
v  233.763123 43.431942 -6.495635
v  238.602844 37.061371 -6.125640
v  237.593140 46.443371 -6.712118
v  242.635345 40.230186 -6.312124
v  241.331985 49.574860 -6.928868
v  246.562500 43.521076 -6.498874
v  244.973816 52.819366 -7.145479
v  250.386963 46.928875 -6.685485
v  248.514786 56.173458 -7.360935
v  254.106445 50.451256 -6.870941
v  251.950012 59.634205 -7.574870
v  257.717255 54.087990 -7.054876
v  255.272522 63.197567 -7.788636
v  261.213654 57.839783 -7.238642
v  258.474976 66.862961 -8.003101
v  264.590393 61.705059 -7.423107
v  261.548523 70.630547 -8.216199
v  267.839233 65.685631 -7.606205
v  264.480469 74.497208 -8.424871
v  270.949646 69.788857 -7.784877
v  267.256683 78.462097 -8.630783
v  273.907959 74.016693 -7.960789
v  269.860352 82.527809 -8.836239
v  276.696808 78.372124 -8.136245
v  272.271423 86.694817 -9.042283
v  279.295929 82.860306 -8.312289
v  274.465759 90.954300 -9.246122
v  281.681091 87.493126 -8.486129
v  276.412994 95.303177 -9.439856
v  283.817719 92.273308 -8.649861
v  278.078400 99.737457 -9.630290
v  285.665802 97.201347 -8.810296
v  279.421600 104.245445 -9.822950
v  287.177124 102.277054 -8.972957
v  280.395844 108.808357 -10.013701
v  288.292969 107.494087 -9.133708
v  280.950562 113.397415 -10.195711
v  288.943726 112.835106 -9.285717
v  281.043152 117.966728 -10.366932
v  289.047302 118.267464 -9.426938
v  280.625458 122.476738 -10.537628
v  288.535187 123.716644 -9.567635
v  279.662750 126.871834 -10.709765
v  287.352325 129.089676 -9.709771
v  278.189117 131.044037 -10.818393
v  285.479187 134.345840 -9.898377
v  276.190002 134.852737 -10.912420
v  282.789612 139.374374 -10.072405
v  273.543549 138.075089 -10.998376
v  279.090759 143.867645 -10.238359
v  270.262634 140.502167 -11.087790
v  274.348663 147.428482 -10.407775
v  266.436279 142.186508 -11.175855
v  269.016724 149.805237 -10.575839
v  262.177460 143.215408 -11.235738
v  263.542480 151.106308 -10.715722
v  257.671387 143.648575 -11.286366
v  258.096649 151.637268 -10.846349
v  253.036499 143.614426 -11.342211
v  252.731155 151.611526 -10.982195
v  248.335953 143.221222 -11.392030
v  247.460632 151.180023 -11.112014
v  243.576508 142.549789 -11.414907
v  242.316864 150.450226 -11.214890
v  238.819748 141.657806 -11.363763
v  237.244766 149.501953 -11.363723
v  234.065567 140.597198 -11.411314
v  232.236740 148.386887 -11.411314
v  229.298782 139.403305 -11.457350
v  227.303284 147.150436 -11.457350
v  224.543213 138.110016 -11.476842
v  222.408936 145.820404 -11.476842
v  219.783417 136.742264 -11.466742
v  217.557343 144.426331 -11.466742
v  215.014923 135.324432 -11.463361
v  212.740540 142.994370 -11.463361
v  210.240936 133.882263 -11.450689
v  207.941696 141.544739 -11.450689
v  205.436539 132.433105 -11.397045
v  203.172104 140.106033 -11.397045
v  200.603531 131.006866 -11.325938
v  198.414078 138.701431 -11.325938
v  195.731934 129.636017 -11.254113
v  193.659348 137.363876 -11.254113
v  190.773010 128.355515 -11.178226
v  188.935196 136.142365 -11.178226
v  185.715485 127.231117 -11.088547
v  184.231369 135.092331 -11.088547
v  180.508682 126.359917 -10.991195
v  179.576630 134.306381 -10.991195
v  175.053955 125.937393 -10.894593
v  175.062775 133.944946 -10.894593
v  169.172562 126.415764 -10.802348
v  170.974243 134.222763 -10.802348
v  163.225784 128.970184 -10.730840
v  167.772980 135.559845 -10.730840
v  158.993408 132.927170 -10.658189
v  164.778931 138.496063 -10.658189
v  155.672073 137.013351 -10.587861
v  161.770020 142.195496 -10.587861
v  152.584900 141.277176 -10.524626
v  158.995300 146.072556 -10.524626
v  149.599625 145.510574 -10.471836
v  156.214066 150.010483 -10.471836
v  146.713989 149.809036 -10.426202
v  153.525208 154.019592 -10.426202
v  144.036972 154.332870 -10.383276
v  151.096725 158.095932 -10.383276
v  141.669922 159.063217 -10.346402
v  148.997131 162.320847 -10.346402
v  139.684738 164.139236 -10.319943
v  147.313782 166.560272 -10.319943
v  138.295746 169.512741 -10.292813
v  146.183487 170.860046 -10.292813
v  137.770309 175.200348 -10.270395
v  145.791443 175.130585 -10.270395
v  138.434540 181.028397 -10.265639
v  146.270203 179.241608 -10.265639
v  140.400070 186.563049 -10.259816
v  147.660385 183.129913 -10.259816
v  143.364563 191.449432 -10.255016
v  149.891205 186.791107 -10.255016
v  146.890091 195.665833 -10.262139
v  152.785797 190.244949 -10.262139
v  150.659012 199.381256 -10.275743
v  156.139786 193.550125 -10.275743
v  154.478058 202.786591 -10.289408
v  159.784576 196.799850 -10.289408
v  158.239151 206.053101 -10.309875
v  163.573868 200.090561 -10.309875
v  161.846756 209.307053 -10.339949
v  167.390518 203.537613 -10.339949
v  165.203934 212.649658 -10.370664
v  171.114487 207.257629 -10.370664
v  168.204041 216.160172 -10.405213
v  174.601746 211.356934 -10.405213
v  170.732880 219.892502 -10.449467
v  177.674652 215.906433 -10.449467
v  172.683273 223.866653 -10.495806
v  180.138763 220.907608 -10.495806
v  174.000366 228.060181 -10.541755
v  181.823456 226.268631 -10.541755
v  174.689270 232.442139 -10.599068
v  182.664673 231.776291 -10.599068
v  174.707672 236.998047 -10.659321
v  182.713486 237.209641 -10.659321
v  174.235855 241.648499 -10.718928
v  182.193085 242.525024 -10.718928
v  173.547806 246.553238 -10.784201
v  181.491455 247.521805 -10.784201
v  172.798187 251.450546 -10.854616
v  180.728287 252.511154 -10.854616
v  172.074066 256.377197 -10.927955
v  179.998032 257.478302 -10.927955
v  171.407379 261.346405 -11.003053
v  179.334961 262.420441 -11.003053
v  170.768250 266.317017 -11.080004
v  178.698883 267.368378 -11.080004
v  170.127075 271.266479 -11.158890
v  178.055298 272.336090 -11.158890
v  169.470123 276.213837 -11.239533
v  177.395966 277.301697 -11.239533
v  168.791611 281.122192 -11.321675
v  176.704620 282.299438 -11.321675
v  168.059586 286.018372 -11.404920
v  175.958176 287.293182 -11.404920
v  167.249039 290.851807 -11.488918
v  175.113037 292.323212 -11.488918
v  166.315796 295.638306 -11.573586
v  174.131134 297.350891 -11.573586
v  165.217041 300.340790 -11.657419
v  172.953766 302.389679 -11.657419
v  163.905594 304.923370 -11.737791
v  171.506119 307.420105 -11.737791
v  162.312714 309.370239 -11.823788
v  169.727951 312.386658 -11.823788
v  160.398300 313.626068 -11.905650
v  167.536148 317.259216 -11.905650
v  158.128693 317.659363 -11.930742
v  164.889923 321.936310 -11.930742
v  155.476578 321.443573 -11.921712
v  161.807907 326.341827 -11.921712
v  152.462555 324.963104 -11.914606
v  158.318420 330.433289 -11.914606
v  149.120926 328.242310 -11.911700
v  154.513519 334.151764 -11.911700
v  145.506210 331.263763 -11.912762
v  150.462479 337.550934 -11.912762
v  141.658325 334.078003 -11.917557
v  146.230957 340.644562 -11.917557
v  137.632172 336.696869 -11.925853
v  141.878143 343.479553 -11.925853
v  133.463425 339.151459 -11.937416
v  137.424942 346.103333 -11.937416
v  129.182388 341.465576 -11.952014
v  132.911331 348.545105 -11.952014
v  124.811119 343.662079 -11.969414
v  128.343719 350.840149 -11.969414
v  120.376534 345.752197 -11.989382
v  123.734138 353.015411 -11.989382
v  115.875580 347.763367 -12.011685
v  119.103470 355.083282 -12.011685
v  111.339523 349.694611 -12.036091
v  114.437698 357.071259 -12.036091
v  106.759827 351.567108 -12.062365
v  109.761894 358.983002 -12.062365
v  102.149757 353.385864 -12.090275
v  105.068649 360.834351 -12.090275
v  97.520531 355.154846 -12.119588
v  100.356247 362.635925 -12.119588
v  92.864357 356.886658 -12.150071
v  95.640106 364.389984 -12.150071
v  88.190575 358.584015 -12.181490
v  90.914047 366.106171 -12.181490
v  83.505524 360.250122 -12.213614
v  86.176712 367.791107 -12.213614
v  78.807816 361.891235 -12.246206
v  81.434143 369.448120 -12.246206
v  74.095581 363.511810 -12.279037
v  76.689873 371.079529 -12.279037
v  69.375580 365.110046 -12.311871
v  71.937828 372.688629 -12.311871
v  64.648270 366.686401 -12.344477
v  67.178482 374.275848 -12.344477
v  59.906719 368.244110 -12.376620
v  62.419708 375.839325 -12.376620
v  55.153126 369.787415 -12.408069
v  57.662041 377.383942 -12.408069
v  50.396721 371.322235 -12.438588
v  52.901569 378.920074 -12.438588
v  45.640224 372.856720 -12.467947
v  48.140999 380.455902 -12.467947
v  40.882244 374.400513 -12.495911
v  43.387127 381.998291 -12.495911
v  36.113251 375.965881 -12.522247
v  38.654591 383.551514 -12.522247
v  31.352356 377.555756 -12.546723
v  33.930153 385.129242 -12.546723
v  26.602390 379.178467 -12.569105
v  29.217367 386.739349 -12.569105
v  21.863499 380.838470 -12.589160
v  24.518440 388.385162 -12.589160
v  17.135244 382.529053 -12.606654
v  19.830147 390.061493 -12.606654
v  12.415919 384.242706 -12.621356
v  15.149966 391.761169 -12.621356
v  7.710968 385.970734 -12.633032
v  10.468038 393.480682 -12.633032
v  3.011294 387.713287 -12.641447
v  5.791386 395.214691 -12.641447
v  -1.683656 389.468506 -12.646371
v  1.119459 396.961365 -12.646371
v  -6.369435 391.232574 -12.647726
v  -3.553482 398.720612 -12.647726
v  -11.050467 393.004517 -12.646742
v  -8.224833 400.488892 -12.646742
v  -15.729245 394.782410 -12.645300
v  -12.893931 402.263123 -12.645300
v  -20.404488 396.562958 -12.645284
v  -17.563902 404.041687 -12.645284
v  -25.075752 398.343445 -12.648649
v  -22.236874 405.822815 -12.648649
v  -29.747229 400.123413 -12.657440
v  -26.910055 407.603424 -12.657440
v  -34.419594 401.901001 -12.673710
v  -31.584127 409.381653 -12.668711
v  -39.088322 403.672424 -12.698524
v  -36.265045 411.157684 -12.688525
v  -43.759186 405.437561 -12.728474
v  -40.948566 412.927582 -12.713474
v  -48.433170 407.194366 -12.758874
v  -45.635204 414.689148 -12.738874
v  -53.108040 408.939667 -12.797656
v  -50.328716 416.441376 -12.757035
v  -57.784786 410.671417 -12.830298
v  -55.029835 418.182098 -12.769053
v  -62.466969 412.388428 -12.857240
v  -59.736389 419.908051 -12.775369
v  -67.154663 414.088287 -12.879026
v  -64.449577 421.617249 -12.776530
v  -71.843246 415.766968 -12.896201
v  -69.175911 423.309204 -12.773081
v  -76.539680 417.423889 -12.909311
v  -73.910103 424.979431 -12.765565
v  -81.244530 419.056366 -12.918900
v  -78.652710 426.625183 -12.754529
v  -85.952545 420.659973 -12.925511
v  -83.410614 428.245483 -12.740516
v  -90.668724 422.232544 -12.929692
v  -88.181580 429.836121 -12.724071
v  -95.396088 423.770844 -12.931986
v  -92.963722 431.392487 -12.705740
v  -100.130295 425.269897 -12.932937
v  -97.762634 432.911896 -12.686067
v  -104.871819 426.725342 -12.933091
v  -102.581848 434.390594 -12.665596
v  -109.627670 428.133453 -12.932993
v  -107.415382 435.821991 -12.644873
v  -114.393402 429.488098 -12.933187
v  -112.267868 437.201416 -12.624442
v  -119.164673 430.782593 -12.934219
v  -117.149216 438.524536 -12.604848
v  -123.953667 432.010834 -12.936632
v  -122.048302 439.781433 -12.586637
v  -128.752838 433.163788 -12.928474
v  -126.971268 440.964294 -12.548481
v  -133.555893 434.231628 -12.922786
v  -131.932632 442.065247 -12.512792
v  -138.379425 435.203400 -12.920114
v  -136.914490 443.070068 -12.480120
v  -143.203629 436.065796 -12.920970
v  -141.932602 443.965546 -12.450976
v  -148.032928 436.802856 -12.925044
v  -146.994888 444.735718 -12.425051
v  -152.880127 437.392151 -12.931149
v  -152.075104 445.358124 -12.401155
v  -157.693649 437.816742 -12.937984
v  -157.225510 445.803162 -12.377991
v  -162.517746 438.037781 -12.943853
v  -162.400452 446.042908 -12.353859
v  -167.292831 438.029938 -12.947051
v  -167.620941 446.025818 -12.327057
v  -172.026337 437.740906 -12.948768
v  -172.888626 445.701202 -12.298774
v  -176.661530 437.124268 -12.952875
v  -178.156265 444.991119 -12.304542
v  -181.161270 436.113953 -12.959276
v  -183.445755 443.794769 -12.312609
v  -185.429840 434.654236 -12.962543
v  -188.619400 441.999207 -12.317543
v  -189.403107 432.652039 -12.961845
v  -193.627289 439.492950 -12.318512
v  -192.944794 430.139496 -12.961334
v  -198.202866 436.169861 -12.319667
v  -195.929520 427.009003 -12.961719
v  -202.200180 432.110596 -12.321718
v  -198.414993 423.318146 -12.961973
v  -205.260406 427.458435 -12.323639
v  -200.338196 419.236755 -12.962169
v  -207.659958 422.507233 -12.325501
v  -201.943283 414.859528 -12.962475
v  -209.502304 417.482544 -12.327475
v  -203.288773 410.345398 -12.962821
v  -211.017136 412.413208 -12.329487
v  -204.376694 405.733765 -12.963184
v  -212.231735 407.292053 -12.331517
v  -205.134140 401.085541 -12.963591
v  -213.077469 402.062805 -12.333590
v  -205.533691 396.418945 -12.964054
v  -213.526184 396.765869 -12.335720
v  -205.547775 391.757355 -12.964528
v  -213.545151 391.427734 -12.337861
v  -205.147675 387.135468 -12.964993
v  -213.091690 386.080811 -12.339993
v  -204.326553 382.601501 -12.965544
v  -212.120346 380.771790 -12.342210
v  -203.057053 378.196838 -12.966201
v  -210.614349 375.568298 -12.344534
v  -201.331741 373.973022 -12.966565
v  -208.555756 370.535950 -12.346565
v  -199.152679 369.985046 -12.967798
v  -205.939880 365.748810 -12.349464
v  -196.533920 366.288208 -12.966724
v  -202.779358 361.284515 -12.350058
v  -193.501617 362.936188 -12.972104
v  -199.104431 357.218536 -12.357103
v  -190.091263 359.980164 -12.960448
v  -194.959518 353.621765 -12.347115
v  -186.347504 357.463898 -12.896919
v  -190.404449 350.555939 -12.285253
v  -182.322922 355.422546 -12.908674
v  -185.510696 348.069092 -12.298675
v  -178.076813 353.879395 -12.915848
v  -180.355667 346.195679 -12.307514
v  -173.668365 352.851105 -12.923397
v  -175.022095 344.956543 -12.316730
v  -169.157730 352.343689 -12.931682
v  -169.593185 344.350037 -12.326681
v  -164.604294 352.352905 -12.939913
v  -164.145844 344.364075 -12.336579
v  -160.061813 352.861969 -12.948401
v  -158.750687 344.970062 -12.346734
v  -155.572479 353.863312 -12.957148
v  -153.479965 346.140594 -12.357147
v  -151.143982 355.300629 -12.946326
v  -148.392914 347.782562 -12.406315
v  -146.740768 357.084900 -12.935643
v  -143.521240 349.758423 -12.455631
v  -142.468658 359.135895 -12.924989
v  -138.779846 352.036926 -12.504977
v  -138.344696 361.456482 -12.914739
v  -134.185608 354.616333 -12.554727
v  -134.403961 364.053284 -12.905141
v  -129.772003 357.524902 -12.605129
v  -130.662186 366.922943 -12.895512
v  -125.580208 360.743744 -12.655499
v  -127.129242 370.059906 -12.886018
v  -121.634903 364.244965 -12.706006
v  -123.800301 373.445007 -12.876735
v  -117.949745 367.987701 -12.756723
v  -120.650719 377.051544 -12.867755
v  -114.519058 371.911774 -12.807743
v  -117.633354 380.849518 -12.859392
v  -111.314163 375.942719 -12.859381
v  -114.666206 384.804138 -12.870893
v  -108.279099 379.986755 -12.870893
v  -111.615173 388.866791 -12.882639
v  -105.326485 383.921722 -12.882639
v  -108.270920 392.955841 -12.895195
v  -102.345703 387.579041 -12.895195
v  -104.315201 396.878448 -12.908023
v  -99.208908 390.703064 -12.908023
v  -99.373718 400.162445 -12.920964
v  -95.852272 392.966858 -12.920964
v  -93.575996 402.060028 -12.933768
v  -92.159813 394.186005 -12.933768
v  -87.648163 402.354828 -12.947587
v  -88.104134 394.361389 -12.947587
v  -82.062439 401.502258 -12.961744
v  -83.807816 393.690704 -12.961744
v  -76.860306 399.952911 -12.976098
v  -79.430000 392.376617 -12.976098
v  -71.806297 398.039825 -12.990803
v  -75.119003 390.757599 -12.990803
v  -66.921028 395.639984 -13.006182
v  -71.035225 388.747314 -13.006182
v  -62.322437 392.273926 -13.022038
v  -67.566673 386.194000 -13.022038
v  -58.512505 388.506744 -13.037884
v  -64.253670 382.935425 -13.037884
v  -55.060390 384.554840 -13.054551
v  -61.135529 379.346039 -13.054551
v  -51.816422 380.550262 -13.072097
v  -58.083115 375.576355 -13.072097
v  -48.718079 376.492035 -13.089635
v  -55.114716 371.686218 -13.089635
v  -45.728703 372.382874 -13.107300
v  -52.220135 367.707031 -13.107300
v  -42.818630 368.233459 -13.125954
v  -49.389381 363.668762 -13.125954
v  -39.975704 364.060150 -13.145917
v  -46.601627 359.577148 -13.145917
v  -37.181023 359.854401 -13.166773
v  -43.862122 355.453125 -13.166773
v  -34.436489 355.632111 -13.188130
v  -41.156620 351.291351 -13.188130
v  -31.730402 351.387451 -13.210098
v  -38.486664 347.103363 -13.210098
v  -29.058031 347.122406 -13.232979
v  -35.849777 342.894135 -13.232979
v  -26.420071 342.845642 -13.257008
v  -33.237717 338.659912 -13.257008
v  -23.809135 338.552124 -13.282194
v  -30.652681 334.408875 -13.282194
v  -21.223440 334.244080 -13.308504
v  -28.092348 330.142639 -13.308504
v  -18.663242 329.926147 -13.335835
v  -25.552252 325.858978 -13.335835
v  -16.124668 325.595337 -13.363894
v  -23.033779 321.562408 -13.363894
v  -13.606805 321.252594 -13.392345
v  -20.536020 317.253937 -13.392345
v  -11.110274 316.900909 -13.420907
v  -18.056238 312.931763 -13.420907
v  -8.632482 312.538422 -13.449477
v  -15.595178 308.598755 -13.449477
v  -6.172683 308.165833 -13.478004
v  -13.152110 304.255646 -13.478004
v  -3.730884 303.784729 -13.506448
v  -10.725484 299.901917 -13.506448
v  -1.306019 299.394409 -13.534842
v  -8.315459 295.538544 -13.534842
v  1.102211 294.994995 -13.563254
v  -5.922069 291.166046 -13.563254
v  3.493768 290.586823 -13.591748
v  -3.544945 286.784546 -13.591748
v  5.868864 286.169800 -13.620352
v  -1.184053 282.394043 -13.620352
v  8.227488 281.743958 -13.649069
v  1.160368 277.994720 -13.649069
v  10.569612 277.309052 -13.677896
v  3.488097 273.587067 -13.677896
v  12.895020 272.864807 -13.706650
v  5.798918 269.170837 -13.706650
v  15.203042 268.411499 -13.734974
v  8.092352 264.745575 -13.734974
v  17.493464 263.948090 -13.762516
v  10.367419 260.312103 -13.762516
v  19.765682 259.473907 -13.789299
v  12.623377 255.870087 -13.789299
v  22.018175 254.989761 -13.815769
v  14.859609 251.418137 -13.815769
v  24.250837 250.492844 -13.842369
v  17.073917 246.958344 -13.842369
v  26.461121 245.982498 -13.869204
v  19.264311 242.488770 -13.869204
v  28.644697 241.459290 -13.896094
v  21.427998 238.006302 -13.896094
v  30.801657 236.913864 -13.922888
v  23.558443 233.517410 -13.922888
v  32.927086 232.352539 -13.949608
v  25.656706 229.014160 -13.949608
v  35.022228 227.765625 -13.976328
v  27.716667 224.505280 -13.976328
v  37.068409 223.145187 -13.993021
v  29.720194 219.981476 -14.013017
v  39.036701 218.464447 -14.009559
v  31.628513 215.444534 -14.049555
v  40.934898 213.721939 -14.026107
v  33.446003 210.902328 -14.086103
v  42.782261 208.775925 -14.042840
v  35.115208 206.476028 -14.122836
v  43.965508 203.713150 -14.057763
v  36.183033 201.808075 -14.157760
v  45.033398 198.865662 -14.071824
v  37.274296 196.896149 -14.191820
v  46.465874 194.142807 -14.086305
v  38.745945 192.039337 -14.226301
v  48.012653 189.455017 -14.100964
v  40.331898 187.217606 -14.260960
v  49.481472 184.677017 -14.115581
v  41.801746 182.436066 -14.295577
v  50.862049 179.868530 -14.130098
v  43.180817 177.632736 -14.330094
v  52.225464 175.053391 -14.144506
v  44.541821 172.825897 -14.364501
v  53.614017 170.240341 -14.158849
v  45.925194 168.030823 -14.398845
v  55.007690 165.428757 -14.173289
v  47.313679 163.237198 -14.433286
v  56.384251 160.605377 -14.187927
v  48.681606 158.444519 -14.467923
v  57.734825 155.772018 -14.202136
v  50.022247 153.646667 -14.502132
v  59.060814 150.926971 -14.214919
v  51.336014 148.846497 -14.534915
v  60.359539 146.066193 -14.226224
v  52.618763 144.045944 -14.566219
v  61.620064 141.191788 -14.237300
v  53.861828 139.238953 -14.597296
v  62.833889 136.290283 -14.248937
v  55.052319 134.433258 -14.628933
v  63.986458 131.369171 -14.260691
v  56.179981 129.618011 -14.660686
v  65.065620 126.409210 -14.244680
v  57.227703 124.805756 -14.719666
v  66.048691 121.416428 -14.228519
v  58.176933 119.987396 -14.778504
v  66.911400 116.375404 -14.212457
v  59.001411 115.169945 -14.837441
v  67.617996 111.272827 -14.196697
v  59.669422 110.367134 -14.896683
v  68.119690 106.115257 -14.180125
v  60.135201 105.571808 -14.955111
v  68.346069 100.866592 -14.161615
v  60.341099 100.825409 -15.011600
v  68.191223 95.524536 -14.142076
v  60.215027 96.168617 -15.067061
v  67.506905 90.114304 -14.122402
v  59.656525 91.655647 -15.122387
v  66.086761 84.699890 -14.146049
v  58.553913 87.393883 -15.134940
v  63.699467 79.468719 -14.169374
v  56.802639 83.523468 -15.147155
v  60.236965 74.764771 -14.192573
v  54.341770 80.173447 -15.159242
v  55.873104 70.929230 -14.216300
v  51.189552 77.415810 -15.171858
v  50.968414 68.058777 -14.239993
v  47.455608 75.248726 -15.184440
v  45.818813 66.029045 -14.262095
v  43.294029 73.626343 -15.195431
v  40.572113 64.620850 -14.281632
v  38.874996 72.447784 -15.203857
v  35.166573 63.645119 -14.300658
v  34.424747 71.632706 -15.211772
v  29.281607 63.392239 -14.319396
v  30.275612 71.347542 -15.219398
v  23.256685 64.876465 -14.338218
v  26.625635 72.156273 -15.227109
v  18.021872 68.694283 -14.357248
v  23.829651 74.300674 -15.235028
v  14.588924 73.865852 -14.376409
v  21.770374 77.545166 -15.243077
v  12.611203 79.195099 -14.395596
v  20.244350 81.607536 -15.251153
v  11.397977 84.492699 -14.411759
v  19.246498 86.058395 -15.256206
v  10.654806 89.773125 -14.425300
v  18.611170 90.693054 -15.258635
v  10.234649 94.929611 -14.438521
v  18.214069 95.504570 -15.260746
v  10.015759 100.082436 -14.452003
v  18.014040 100.344994 -15.263116
v  9.945054 105.170433 -14.465706
v  17.944633 105.256935 -15.265708
v  9.975328 110.252220 -14.573462
v  17.975794 110.175842 -15.173503
v  10.075464 115.289330 -14.680125
v  18.074104 115.136780 -15.080165
v  10.220945 120.325539 -14.784750
v  18.217762 120.096817 -14.984791
v  10.390139 125.328621 -14.886776
v  18.386600 125.087990 -14.886816
v  10.566564 130.328964 -14.887610
v  18.562788 130.081451 -14.887610
v  10.733757 135.310867 -14.889030
v  18.730820 135.094025 -14.889030
v  10.876375 140.282730 -14.890538
v  18.874903 140.118332 -14.890538
v  10.979568 145.245651 -14.889997
v  18.979258 145.153030 -14.889997
v  11.027084 150.187881 -14.886459
v  19.027246 150.211456 -14.886459
v  11.000169 155.129623 -14.881042
v  19.000803 155.269363 -14.881042
v  10.883265 160.030624 -14.874857
v  18.876223 160.366974 -14.874857
v  10.648480 164.927185 -14.868206
v  18.633707 165.460709 -14.868206
v  10.279474 169.770416 -14.861023
v  18.237572 170.588760 -14.861023
v  9.733628 174.584702 -14.851860
v  17.658218 175.716690 -14.851860
v  8.988296 179.310913 -14.838813
v  16.836180 180.866104 -14.838813
v  7.978062 183.959106 -14.823300
v  15.723532 186.002670 -14.823300
v  6.681633 188.434250 -14.808741
v  14.215444 191.126343 -14.808741
v  4.984187 192.728668 -14.793779
v  12.247686 196.155289 -14.793779
v  2.909724 196.674759 -14.774508
v  9.610561 201.047256 -14.774508
v  0.295423 200.202332 -14.751507
v  6.295844 205.563461 -14.751507
v  -2.798745 203.171463 -14.727287
v  2.096130 209.529968 -14.727287
v  -6.384272 205.467270 -14.704344
v  -2.729213 212.597763 -14.704344
v  -10.395014 207.011902 -14.680240
v  -8.084490 214.738602 -14.680240
v  -14.797710 207.904587 -14.649809
v  -13.468141 215.801865 -14.649809
v  -19.342548 208.189117 -14.616295
v  -18.944996 216.199677 -14.616295
v  -24.118631 208.154816 -14.584454
v  -24.163340 216.158051 -14.584454
v  -28.909426 207.894791 -14.551893
v  -29.368120 215.883713 -14.551893
v  -33.762318 207.509735 -14.514966
v  -34.483841 215.477219 -14.514966
v  -38.616711 206.998764 -14.475247
v  -39.576321 214.943619 -14.475247
v  -43.455616 206.338837 -14.435608
v  -44.645683 214.249832 -14.435608
v  -48.273434 205.530396 -14.395448
v  -49.691029 213.405685 -14.395448
v  -53.075737 204.589264 -14.353422
v  -54.702900 212.422150 -14.353422
v  -57.857864 203.519699 -14.309250
v  -59.679626 211.309982 -14.309250
v  -62.622841 202.333099 -14.263929
v  -64.619339 210.080536 -14.263929
v  -67.385559 201.044601 -14.233052
v  -69.509499 208.757507 -14.205279
v  -72.149231 199.678589 -14.200983
v  -74.358658 207.367569 -14.145432
v  -76.931984 198.267471 -14.167100
v  -79.167236 205.948853 -14.083772
v  -81.778145 196.854965 -14.133169
v  -83.921684 204.563034 -14.022063
v  -86.744644 195.520645 -14.099248
v  -88.613029 203.301193 -13.960364
v  -91.914688 194.402313 -14.064976
v  -93.217194 202.300476 -13.898314
v  -97.416962 193.770599 -14.030504
v  -97.648178 201.785507 -13.836065
v  -103.354797 194.204376 -13.996501
v  -101.669685 202.044708 -13.774284
v  -109.221458 196.480789 -13.961815
v  -105.120163 203.349548 -13.711821
v  -113.949730 200.458206 -13.927130
v  -108.012878 205.831360 -13.649358
v  -117.303329 205.189331 -13.893098
v  -110.417168 209.272430 -13.587548
v  -119.726387 210.115295 -13.859929
v  -112.397659 213.324020 -13.526602
v  -121.601410 215.094742 -13.826923
v  -114.038475 217.705750 -13.465817
v  -123.114624 220.095261 -13.793892
v  -115.414597 222.281555 -13.405008
v  -124.357719 225.030304 -13.760889
v  -116.614822 227.044067 -13.344228
v  -125.504578 229.926056 -13.728909
v  -117.748360 231.886780 -13.284470
v  -126.674286 234.734039 -13.698224
v  -118.942932 236.796265 -13.226007
v  -127.960793 239.469620 -13.668106
v  -120.280434 241.709290 -13.168112
v  -129.397720 244.134064 -13.649232
v  -121.786568 246.604172 -12.999262
v  -130.972046 248.739838 -13.630389
v  -123.448860 251.460449 -12.830420
v  -132.697632 253.285172 -13.579307
v  -125.270760 256.264893 -12.791804
v  -134.581573 257.750336 -13.529099
v  -127.276993 261.014862 -12.754096
v  -136.635269 262.122589 -13.480996
v  -129.475876 265.692810 -12.718493
v  -138.875534 266.388062 -13.434183
v  -131.882767 270.283264 -12.684181
v  -141.304825 270.511414 -13.386717
v  -134.534546 274.776428 -12.649215
v  -143.944717 274.466278 -13.339210
v  -137.449646 279.136810 -12.614207
v  -146.814590 278.211578 -13.292204
v  -140.662598 283.328278 -12.579701
v  -149.931885 281.688507 -13.244624
v  -144.219131 287.300629 -12.544621
v  -153.299667 284.814941 -13.194677
v  -148.182587 290.980896 -12.507174
v  -156.916046 287.487457 -13.143955
v  -152.614471 294.248047 -12.468953
v  -160.767395 289.578125 -13.093311
v  -157.555328 296.923553 -12.430809
v  -164.798340 290.941467 -13.039946
v  -162.995255 298.763245 -12.389943
v  -168.915665 291.455078 -12.976048
v  -168.793152 299.491974 -12.338545
v  -173.021103 291.071869 -12.912074
v  -174.636398 298.933807 -12.287071
v  -177.019653 289.798370 -12.846221
v  -180.164932 297.174835 -12.233719
v  -180.817368 287.741425 -12.768997
v  -185.166855 294.476929 -12.168995
v  -184.354218 285.050079 -12.689108
v  -189.599533 291.117737 -12.101605
v  -187.635864 281.862823 -12.606444
v  -193.487244 287.325500 -12.031442
v  -190.645401 278.271576 -12.513214
v  -196.902451 283.256927 -11.950711
v  -193.446945 274.409882 -12.411793
v  -199.981796 279.028046 -11.861791
v  -196.139954 270.372650 -12.305822
v  -202.840302 274.745209 -11.768320
v  -198.746750 266.242981 -12.192093
v  -205.570999 270.418030 -11.667090
v  -201.242569 262.044952 -12.066421
v  -208.185211 266.020569 -11.553918
v  -203.604065 257.777039 -11.928045
v  -210.666733 261.538239 -11.428043
v  -205.824860 253.446732 -11.780230
v  -213.008011 256.968964 -11.292727
v  -207.893356 249.049667 -11.622025
v  -215.195816 252.317398 -11.147022
v  -209.797043 244.585800 -11.449211
v  -217.217178 247.582916 -10.986709
v  -211.526505 240.062698 -11.257210
v  -219.057785 242.763260 -10.807207
v  -213.069931 235.480682 -11.046805
v  -220.705368 237.868256 -10.609303
v  -214.416397 230.843094 -10.818118
v  -222.148529 232.902725 -10.393116
v  -215.557312 226.157211 -10.569902
v  -223.374084 227.870148 -10.157400
v  -216.484222 221.431488 -10.300995
v  -224.369553 222.781891 -9.900992
v  -217.187836 216.671234 -10.011505
v  -225.128540 217.650131 -9.624002
v  -217.662766 211.884521 -9.703138
v  -225.644745 212.484070 -9.328135
v  -217.910645 207.082626 -9.379662
v  -225.908447 207.297226 -9.017159
v  -217.925064 202.274796 -9.047831
v  -225.923553 202.105667 -8.697828
v  -217.706894 197.470139 -8.714450
v  -225.691605 196.919342 -8.376947
v  -217.263840 192.676163 -8.385272
v  -225.211502 191.753189 -8.060269
v  -216.597427 187.905228 -8.064914
v  -224.493881 186.620972 -7.752411
v  -215.713318 183.165237 -7.759614
v  -223.547852 181.528656 -7.459611
v  -214.624008 178.458557 -7.461194
v  -222.378906 176.491028 -7.231180
v  -213.335022 173.798172 -7.176965
v  -221.002640 171.513947 -7.016951
v  -211.855865 169.187103 -6.914788
v  -219.428986 166.599594 -6.824774
v  -210.199432 164.625793 -6.694198
v  -217.669281 161.762009 -6.674184
v  -208.375046 160.124878 -6.519812
v  -215.739471 156.994202 -6.569798
v  -206.393936 155.677917 -6.388116
v  -213.648544 152.304977 -6.508102
v  -204.257904 151.291870 -6.289448
v  -211.407883 147.700684 -6.479434
v  -201.981674 146.957413 -6.213697
v  -209.033890 143.179642 -6.473683
v  -199.594315 142.665009 -6.151267
v  -206.561539 138.732697 -6.481252
v  -197.120209 138.407227 -6.093047
v  -204.011490 134.343140 -6.493032
v  -194.578491 134.185257 -6.055340
v  -201.395142 129.997986 -6.445343
v  -191.965576 130.007156 -6.004842
v  -198.706161 125.697212 -6.384844
v  -189.276459 125.889191 -5.933227
v  -195.926773 121.442093 -6.303229
v  -186.504257 121.834412 -5.832211
v  -193.054916 117.242043 -6.192213
v  -183.642853 117.848869 -5.702897
v  -190.084747 113.103722 -6.052899
v  -180.688721 113.941612 -5.517271
v  -187.007141 109.034019 -5.857273
v  -177.636124 110.116096 -5.163581
v  -183.822189 105.043350 -5.493583
v  -174.482559 106.375961 -4.788066
v  -180.529831 101.138298 -5.108068
v  -171.227936 102.723244 -4.529765
v  -177.132294 97.324211 -4.839767
v  -167.874176 99.155876 -4.333064
v  -173.636307 93.605331 -4.633066
v  -164.425247 95.666924 -4.181671
v  -170.054779 89.982666 -4.471673
v  -160.890137 92.248344 -4.068070
v  -166.401443 86.449593 -4.348073
v  -157.279770 88.888412 -3.984750
v  -162.691635 82.996689 -4.254752
v  -153.607422 85.573013 -3.924195
v  -158.941513 79.610733 -4.184197
v  -149.887695 82.286995 -3.878894
v  -155.166794 76.276001 -4.128896
v  -146.132324 79.014282 -3.841331
v  -151.383240 72.978729 -4.081333
v  -142.356140 75.743881 -3.804588
v  -147.600266 69.702423 -4.034590
v  -138.572632 72.465492 -3.765999
v  -143.826218 66.432274 -3.986001
v  -134.792313 69.169899 -3.724749
v  -140.068741 63.156593 -3.934751
v  -131.022247 65.848091 -3.680034
v  -136.335709 59.867462 -3.880036
v  -127.272423 62.495983 -3.636047
v  -132.630096 56.554993 -3.816051
v  -123.544991 59.114689 -3.586985
v  -128.950958 53.217464 -3.746989
v  -119.843475 55.699806 -3.532041
v  -125.302292 49.851543 -3.672045
v  -116.210892 52.256092 -3.470410
v  -121.678070 46.415108 -3.590414
v  -112.615715 48.810150 -3.401287
v  -118.053757 42.941311 -3.501291
v  -109.030312 45.473419 -3.323865
v  -114.314659 39.466751 -3.403869
v  -105.349068 42.275589 -3.237339
v  -110.448936 36.104275 -3.297343
v  -101.556091 39.273148 -3.140905
v  -106.396057 32.903282 -3.180909
v  -97.633438 36.437233 -3.033756
v  -102.216827 29.876904 -3.053760
v  -93.598328 33.737354 -2.915087
v  -97.937149 27.015673 -2.915091
v  -89.464943 31.181559 -2.774221
v  -93.566521 24.311668 -2.774221
v  -85.237976 28.762327 -2.624708
v  -89.112076 21.761793 -2.624708
v  -80.930733 26.474308 -2.474680
v  -84.588425 19.359129 -2.474680
v  -76.551758 24.313383 -2.326060
v  -79.999084 17.092285 -2.326060
v  -72.106300 22.271259 -2.176724
v  -75.356743 14.961353 -2.176724
v  -67.604935 20.348536 -2.026680
v  -70.662247 12.954306 -2.026680
v  -63.049263 18.535515 -1.876495
v  -65.925278 11.070213 -1.876495
v  -58.448685 16.831808 -1.726152
v  -61.148651 9.300786 -1.726152
v  -53.805790 15.231648 -1.575457
v  -56.336441 7.641786 -1.575457
v  -49.125565 13.730934 -1.424186
v  -51.494129 6.089599 -1.424186
v  -44.412708 12.328384 -1.272630
v  -46.622501 4.639023 -1.272630
v  -39.668884 11.020060 -1.120974
v  -41.725590 3.288711 -1.120974
v  -34.898674 9.804223 -0.968674
v  -36.805649 2.034822 -0.968674
v  -30.104755 8.679184 -0.815983
v  -31.864090 0.874741 -0.815983
v  -25.289495 7.643885 -0.663282
v  -26.902504 -0.192245 -0.663282
v  -20.455988 6.698752 -0.509947
v  -21.921745 -1.165941 -0.509947
v  -15.607244 5.845138 -0.355507
v  -16.921942 -2.046135 -0.355507
v  -10.746822 5.086938 -0.203563
v  -11.901885 -2.829290 -0.203563
v  -5.881852 4.434153 -0.047144
v  -6.855830 -3.506610 -0.047144
v  -1.313145 3.944825 0.054169
v  -1.480630 -4.070760 0.054169
v  -1.312587 3.944826 0.054091
v  -1.479174 -4.070835 0.054091